ISS (ZARYA)
1 25544U 98067A   26050.57060042  .00006828  00000+0  13586-3 0  9996
2 25544  51.6323 161.9142 0008604 112.9152 247.2745 15.48140240553525

CSS (TIANHE)
1 48274U 21035A   26050.21688436  .00024817  00000+0  30290-3 0  9995
2 48274  41.4677 320.4937 0004452 142.8604 217.2543 15.59868728274729

ISS (NAUKA)
1 49044U 21066A   26050.57060042  .00006828  00000+0  13586-3 0  9992
2 49044  51.6323 161.9142 0008604 112.9152 247.2745 15.48140240230449

CSS (WENTIAN)
1 53239U 22085A   26050.21688436  .00024817  00000+0  30290-3 0  9998
2 53239  41.4677 320.4938 0004452 142.8604 217.2543 15.59868728173848

CSS (MENGTIAN)
1 54216U 22143A   26050.21688436  .00024817  00000+0  30290-3 0  9999
2 54216  41.4677 320.4938 0004452 142.8604 217.2543 15.59868728158645

PROGRESS-MS 31
1 64751U 25146A   26050.57060042  .00006828  00000+0  13586-3 0  9997
2 64751  51.6323 161.9142 0008604 112.9152 247.2745 15.48140240  6756

DRAGON CRS-33
1 65304U 25186A   26050.57060042  .00006828  00000+0  13586-3 0  9996
2 65304  51.6323 161.9142 0008604 112.9152 247.2745 15.48140240   115

PROGRESS-MS 32
1 65586U 25204A   26050.57060042  .00006828  00000+0  13586-3 0  9999
2 65586  51.6323 161.9142 0008604 112.9152 247.2745 15.48140240   274

CYGNUS NG-23
1 65616U 25208A   26050.57060042  .00006828  00000+0  13586-3 0  9997
2 65616  51.6323 161.9142 0008604 112.9152 247.2745 15.48140240   223

SOYUZ-MS 28
1 66664U 25275A   26050.57060042  .00006828  00000+0  13586-3 0  9995
2 66664  51.6323 161.9142 0008604 112.9152 247.2745 15.48140240  1284

CREW DRAGON 12
1 67796U 26031A   26050.57060042  .00006828  00000+0  13586-3 0  9993
2 67796  51.6323 161.9142 0008604 112.9152 247.2745 15.48140240   943

TIANZHOU-9
1 64786U 25149A   26050.21688436  .00024817  00000+0  30290-3 0  9991
2 64786  41.4677 320.4938 0004452 142.8604 217.2543 15.59868728255309

SHENZHOU-22
1 66645U 25272A   26050.21688436  .00024817  00000+0  30290-3 0  9994
2 66645  41.4677 320.4938 0004452 142.8604 217.2543 15.59868728267645

HTV-X1
1 66174U 25241A   26050.57060042  .00006828  00000+0  13586-3 0  9994
2 66174  51.6323 161.9142 0008604 112.9152 247.2745 15.48140240   515

FREGAT DEB
1 49271U 11037PF  26050.21758832  .00033465  00000+0  52270-1 0  9991
2 49271  51.6519 356.0885 0943473  16.9489 346.0742 12.38977397210403

HST
1 20580U 90037B   26050.60562191  .00007086  00000+0  23531-3 0  9994
2 20580  28.4684 163.3360 0001061 271.2003  88.8470 15.29177186770549

TERRA
1 25994U 99068A   26050.58490436  .00000409  00000+0  92479-4 0  9990
2 25994  97.9633 104.7077 0001405 205.0180 314.5268 14.60993973392431

CRYOSAT 2
1 36508U 10013A   26050.57286121  .00000218  00000+0  53369-4 0  9992
2 36508  92.0220 248.8144 0002263  81.9222 278.2242 14.51909916841013

SWARM A
1 39452U 13067B   26050.56364915  .00010054  00000+0  18969-3 0  9997
2 39452  87.3307  99.8719 0002947  92.8731 267.2866 15.48306477688035

SWARM B
1 39451U 13067A   26050.59083919  .00004366  00000+0  16031-3 0  9998
2 39451  87.7467  17.9716 0003481  96.8840 263.2805 15.27664719665286

SWARM C
1 39453U 13067C   26050.56352894  .00010132  00000+0  19115-3 0  9992
2 39453  87.3304  98.4542 0002938  92.6391 267.5205 15.48309015687997

ODIN
1 26702U 01007A   26050.54721131  .00039617  00000+0  55041-3 0  9995
2 26702  97.4112  85.8693 0002734 191.7866 168.3326 15.56907390371012

OCO 2
1 40059U 14035A   26050.52436576  .00000488  00000+0  11826-3 0  9992
2 40059  98.2292 353.6094 0001301  68.7025 291.4312 14.57155182618911

IRIS
1 39197U 13033A   26050.50926514  .00001345  00000+0  16118-3 0  9996
2 39197  97.9398 250.1103 0024282 346.9277  13.1306 14.85581896682908

SORCE
1 27651U 03004A   26050.49327571  .00003302  00000+0  25170-3 0  9994
2 27651  39.9894 212.8064 0018252 285.2648  74.6128 15.02935983254184

SWIFT
1 28485U 04047A   26050.17394267  .00042015  00000+0  53280-3 0  9996
2 28485  20.5547   7.9212 0002660 129.1423 230.9257 15.57603412168376

NUSTAR
1 38358U 12031A   26050.58336806  .00006706  00000+0  37503-3 0  9995
2 38358   6.0251 195.4512 0007926 164.3121  92.1467 15.07440053  1304

FGRST (GLAST)
1 33053U 08029A   26050.07869737  .00003660  00000+0  13664-3 0  9990
2 33053  25.5828 304.1351 0008553  16.1097 343.9712 15.23179378977804

DAMPE
1 41173U 15078A   26050.55885414  .00001157  00000+0  41891-4 0  9990
2 41173  97.4567  55.4669 0013292 127.7025 232.5423 15.30427582566557

GCOM-W1 (SHIZUKU)
1 38337U 12025A   26050.41134191  .00000583  00000+0  13958-3 0  9995
2 38337  98.2035 352.7491 0001634  85.7432  25.9057 14.57068338731887

CASSIOPE
1 39265U 13055A   26050.55873993  .00038912 -64117-6  47531-3 0  9993
2 39265  80.9171 208.7116 0321124  96.6692 267.1190 15.17258788649781

HXMT (HUIYAN)
1 42758U 17034A   26050.60906968  .00005238  00000+0  26732-3 0  9998
2 42758  43.0141 117.1751 0030664 121.5569 238.8280 15.17224412479798

NOAA 19
1 33591U 09005A   26050.40914915  .00000081  00000+0  58822-4 0  9996
2 33591  98.6778 353.5188 0009777 105.2042 255.0216 14.19540190918699

NOAA 20 (JPSS-1)
1 43013U 17073A   26050.57269807  .00000080  00000+0  58829-4 0  9999
2 43013  98.7672 351.1424 0000322 154.6699 205.4493 14.19530962427784

NOAA 21 (JPSS-2)
1 54234U 22150A   26050.53711980  .00000057  00000+0  48008-4 0  9990
2 54234  98.7534 351.0135 0002047 139.8045 220.3283 14.19546889169851

SUOMI NPP
1 37849U 11061A   26050.62860909  .00000074  00000+0  56147-4 0  9990
2 37849  98.7849 352.3772 0001006 352.4936   7.6224 14.19537923741766

METOP-B
1 38771U 12049A   26050.56573444  .00000099  00000+0  65400-4 0  9999
2 38771  98.6683 104.3228 0001733 351.4720   8.6428 14.21438264696558

METOP-C
1 43689U 18087A   26050.59078191  .00000120  00000+0  74782-4 0  9991
2 43689  98.6806 112.2673 0001945 125.2841 234.8518 14.21490667378125

DMSP 5D-3 F16 (USA 172)
1 28054U 03048A   26050.54706409  .00000103  00000+0  77228-4 0  9995
2 28054  99.0009  73.5363 0008122 117.7343  35.6553 14.14454569152855

DMSP 5D-3 F17 (USA 191)
1 29522U 06050A   26050.57549296  .00000122  00000+0  85488-4 0  9992
2 29522  98.7410  59.5399 0010720  37.2577 322.9339 14.14955030995783

DMSP 5D-3 F18 (USA 210)
1 35951U 09057A   26050.53748300  .00000228  00000+0  14120-3 0  9999
2 35951  98.8934  31.6314 0010233 221.8410 138.1982 14.14823078842959

FENGYUN 3A
1 32958U 08026A   26050.40914915  .00000081  00000+0  58822-4 0  9996
2 32958  98.6778 353.5188 0009777 105.2042 255.0216 14.19540190918699

FENGYUN 3B
1 37214U 10059A   26050.57609675  .00000453  00000+0  25789-3 0  9995
2 37214  98.9799  96.0039 0022466 157.8163   5.1698 14.14813414790790

FENGYUN 3C
1 39260U 13052A   26050.58304277  .00000081  00000+0  62301-4 0  9994
2 39260  98.4861  29.9358 0014828   6.5295 353.6070 14.15722265641925

FENGYUN 3D
1 43010U 17072A   26050.59425531 -.00000015  00000+0  14654-4 0  9992
2 43010  98.9998  22.9736 0002282  46.4379 313.6986 14.19709053428300

FENGYUN 3E
1 49008U 21062A   26050.59190414 -.00000225  00000+0 -85372-4 0  9997
2 49008  98.7500  55.3090 0002707  73.4006 286.7468 14.19890357239899

FENGYUN 3F
1 57490U 23111A   26050.57812800  .00000073  00000+0  54717-4 0  9994
2 57490  98.6966 122.7248 0001467  90.2473 269.8872 14.19914902132176

FENGYUN 3H
1 65815U 25219A   26050.57452975  .00000068  00000+0  52430-4 0  9992
2 65815  98.6664 353.6989 0001566  74.5158 285.6192 14.19927341 20698

METEOR-M 2
1 40069U 14037A   26050.59266155 -.00000127  00000+0 -38868-4 0  9994
2 40069  98.4994  30.5727 0006431  28.0715 332.0808 14.21419710602614

METEOR-M2 2
1 44387U 19038A   26050.58084699  .00000213  00000+0  11222-3 0  9995
2 44387  98.9057  36.1860 0001753  34.4784 325.6508 14.24326319344551

METEOR-M2 3
1 57166U 23091A   26050.61953413 -.00000002  00000+0  18011-4 0  9992
2 57166  98.6256 107.9190 0004655 141.1111 219.0403 14.24035661137787

METEOR-M2 4
1 59051U 24039A   26050.57105433  .00000004  00000+0  21267-4 0  9994
2 59051  98.6871  11.4379 0007596 142.7940 217.3765 14.22414007102548

GOES 14
1 35491U 09033A   26050.57558109  .00000140  00000+0  00000+0 0  9993
2 35491   1.3837  84.6289 0001855 288.9208 191.9605  1.00118138  5413

EWS-G2 (GOES 15)
1 36411U 10008A   26050.54640299  .00000023  00000+0  00000+0 0  9999
2 36411   0.9765  85.4257 0001507  22.4167 300.2278  1.00355278 58455

GOES 16
1 41866U 16071A   26050.58476781 -.00000085  00000+0  00000+0 0  9991
2 41866   0.1553  92.6037 0002676 206.0580 316.6782  1.00271678 33922

GOES 17
1 43226U 18022A   26050.51650284 -.00000177  00000+0  00000+0 0  9998
2 43226   0.6328  87.8958 0002401 212.1064 305.9152  1.00272066 29242

GOES 18
1 51850U 22021A   26050.57835444  .00000102  00000+0  00000+0 0  9990
2 51850   0.0203  88.4022 0000626 292.9988 199.3122  1.00272220  5414

GOES 19
1 60133U 24119A   26050.51927619 -.00000243  00000+0  00000+0 0  9991
2 60133   0.0163 249.4447 0001003 120.2095 251.5464  1.00270992  5789

METEOSAT-9 (MSG-2)
1 28912U 05049B   26050.11535635  .00000132  00000+0  00000+0 0  9996
2 28912   9.0925  55.3113 0001968 211.0488 329.8674  1.00270983  5818

METEOSAT-10 (MSG-3)
1 38552U 12035B   26050.36240263  .00000001  00000+0  00000+0 0  9992
2 38552   4.3907  61.5158 0002267 288.3573 289.9851  1.00274697 49671

METEOSAT-11 (MSG-4)
1 40732U 15034A   26050.22614172  .00000070  00000+0  00000+0 0  9992
2 40732   2.9049  71.7616 0001175 255.2238 273.1519  1.00272128  6031

METEOSAT-12 (MTG-I1)
1 54743U 22170C   26050.29836488 -.00000002  00000+0  00000+0 0  9997
2 54743   0.7268  27.0648 0001899 275.1842 314.0440  1.00272370 11797

HIMAWARI-8
1 40267U 14060A   26050.59427126 -.00000270  00000+0  00000+0 0  9997
2 40267   0.0221 214.6049 0000580  95.4723 194.0422  1.00269837 41581

HIMAWARI-9
1 41836U 16064A   26050.59427112 -.00000269  00000+0  00000+0 0  9999
2 41836   0.0136 169.5219 0001136 183.0283 151.6809  1.00271063 34033

ELEKTRO-L 2
1 41105U 15074A   26050.60367212 -.00000110  00000+0  00000+0 0  9999
2 41105   6.3962  71.9801 0003222 235.0402  45.3696  1.00271737 37326

FENGYUN 4A
1 41882U 16077A   26050.55870971 -.00000351  00000+0  00000+0 0  9997
2 41882   2.0211  81.6179 0006194 130.4066 262.3535  1.00268951 33759

INSAT-3D
1 39216U 13038B   26050.55983638 -.00000333  00000+0  00000+0 0  9994
2 39216   1.6204  84.1143 0002122 227.2814 169.0966  1.00275140 45905

INSAT-3DR
1 41752U 16054A   26050.54891633 -.00000071  00000+0  00000+0 0  9994
2 41752   0.0869  92.2465 0013521 187.1163 141.7105  1.00271254 34638

INSAT-3DS
1 58990U 24033A   26050.55047634 -.00000151  00000+0  00000+0 0  9996
2 58990   0.0864 266.1651 0002037  80.0746  83.4776  1.00274321 45885

COMS 1
1 36744U 10032A   26050.55957638 -.00000338  00000+0  00000+0 0  9994
2 36744   4.5022  77.0728 0000966 272.4700 129.5780  1.00270439 49914

GEO-KOMPSAT-2A
1 43823U 18100A   26050.34563081 -.00000339  00000+0  00000+0 0  9997
2 43823   0.0240 355.9757 0001296  49.9939 355.9686  1.00268607 26448

ARKTIKA-M 1
1 47719U 21016A   26048.86332832 -.00000090  00000+0  00000+0 0  9991
2 47719  63.1981  74.6959 7236956 269.3955  15.2618  2.00622481 36394

ARKTIKA-M 2
1 58584U 23198A   26050.11964412  .00000197  00000+0  00000+0 0  9999
2 58584  63.2214 167.4340 6874647 267.8298  18.8537  2.00613262 15953

GPS BIIR-2  (PRN 13)
1 24876U 97035A   26050.03826173  .00000033  00000+0  00000+0 0  9998
2 24876  55.9277 103.1946 0097600  56.3932 304.6222  2.00563938209587

GPS BIIR-5  (PRN 22)
1 26407U 00040A   26049.88014193  .00000061  00000+0  00000+0 0  9993
2 26407  54.8786 219.8587 0123051 302.4968 237.2310  2.00568706187573

GPS BIIR-8  (PRN 16)
1 27663U 03005A   26050.44642464  .00000063  00000+0  00000+0 0  9996
2 27663  54.9104 219.6444 0148759  52.6209 312.0178  2.00566922168950

GPS BIIR-11 (PRN 19)
1 28190U 04009A   26047.40165940  .00000025  00000+0  00000+0 0  9996
2 28190  54.9285 280.5672 0110299 168.6671 313.8602  2.00558579160520

GPS BIIR-13 (PRN 02)
1 28474U 04045A   26050.63475178 -.00000063  00000+0  00000+0 0  9990
2 28474  55.2022 329.6339 0171013 312.2934  47.4032  2.00572695156070

GPS BIIRM-1 (PRN 17)
1 28874U 05038A   26049.65961829  .00000024  00000+0  00000+0 0  9996
2 28874  54.9735 277.9606 0129227 295.1251  40.7665  2.00573903149459

GPS BIIRM-2 (PRN 31)
1 29486U 06042A   26050.35004385  .00000032  00000+0  00000+0 0  9995
2 29486  54.6978 156.0186 0106386  53.0635 318.9157  2.00551553142033

GPS BIIRM-3 (PRN 12)
1 29601U 06052A   26049.75137895  .00000060  00000+0  00000+0 0  9991
2 29601  54.9594 218.6984 0088086  89.1198 271.8621  2.00550636141033

GPS BIIRM-4 (PRN 15)
1 32260U 07047A   26050.05888247  .00000020  00000+0  00000+0 0  9996
2 32260  54.0049  84.9343 0163526  85.8622 276.0862  2.00561377134440

GPS BIIRM-5 (PRN 29)
1 32384U 07062A   26050.12160740  .00000022  00000+0  00000+0 0  9991
2 32384  55.1250 278.8981 0032535 160.6697  13.1309  2.00552657133147

GPS BIIRM-6 (PRN 07)
1 32711U 08012A   26049.47906178  .00000026  00000+0  00000+0 0  9994
2 32711  54.4820 154.6685 0206146 245.9407 111.8973  2.00568566131377

GPS BIIRM-8 (PRN 05)
1 35752U 09043A   26049.61055610 -.00000040  00000+0  00000+0 0  9996
2 35752  56.1391  32.1098 0051483  80.7876  30.5754  2.00561271120987

GPS BIIF-1  (PRN 25)
1 36585U 10022A   26050.04683993  .00000058  00000+0  00000+0 0  9998
2 36585  54.2914 213.3190 0127410  65.7915 117.4351  2.00556534115224

GPS BIIF-3  (PRN 24)
1 38833U 12053A   26050.15551500  .00000029  00000+0  00000+0 0  9990
2 38833  53.5649 148.4366 0176789  64.6957 297.1462  2.00565600 97074

GPS BIIF-4  (PRN 27)
1 39166U 13023A   26050.02025734  .00000029  00000+0  00000+0 0  9999
2 39166  54.5959 273.7867 0141256  49.6896 311.5997  2.00564230 93510

GPS BIIF-5  (PRN 30)
1 39533U 14008A   26050.51661586  .00000031  00000+0  00000+0 0  9999
2 39533  53.6372 154.1209 0081831 227.8173 131.4988  2.00552203 87327

GPS BIIF-6  (PRN 06)
1 39741U 14026A   26048.80128086 -.00000069  00000+0  00000+0 0  9994
2 39741  56.5537 336.1684 0039993 323.6398  36.1142  2.00569698 86146

GPS BIIF-7  (PRN 09)
1 40105U 14045A   26049.38625913  .00000029  00000+0  00000+0 0  9991
2 40105  55.2711  93.1977 0031767 120.7285 239.6705  2.00550561 83690

GPS BIIF-8  (PRN 03)
1 40294U 14068A   26050.26267377 -.00000035  00000+0  00000+0 0  9998
2 40294  56.9100  35.4984 0062257  68.0729 292.5949  2.00568945 82840

GPS BIIF-9  (PRN 26)
1 40534U 15013A   26050.39350780  .00000056  00000+0  00000+0 0  9993
2 40534  53.1890 209.0474 0108658  39.6890 321.0601  2.00558284 79466

GPS BIIF-10 (PRN 08)
1 40730U 15033A   26050.55424774  .00000029  00000+0  00000+0 0  9996
2 40730  54.0742 271.9354 0114175  28.6833 331.9982  2.00562167 77635

GPS BIIF-11 (PRN 10)
1 41019U 15062A   26050.11464655 -.00000035  00000+0  00000+0 0  9991
2 41019  56.8833  35.3603 0111493 231.3600 127.6454  2.00567034 75462

GPS BIIF-12 (PRN 32)
1 41328U 16007A   26050.19947429  .00000028  00000+0  00000+0 0  9998
2 41328  55.4464  94.1372 0095091 245.6182 113.4687  2.00557339 73471

GPS BIII-1  (PRN 04)
1 43873U 18109A   26050.58755619  .00000028  00000+0  00000+0 0  9991
2 43873  55.6058  96.8262 0037966 197.9453 334.9011  2.00556093 52714

GPS BIII-2  (PRN 18)
1 44506U 19056A   26050.22643377 -.00000068  00000+0  00000+0 0  9990
2 44506  55.6914 335.8343 0057917 198.3929 333.5019  2.00567898 47707

GPS BIII-3  (PRN 23)
1 45854U 20041A   26050.28218449 -.00000038  00000+0  00000+0 0  9994
2 45854  56.5967  33.5189 0061263 205.0452 309.6298  2.00560710 41677

GPS BIII-4  (PRN 14)
1 46826U 20078A   26049.59547517  .00000056  00000+0  00000+0 0  9996
2 46826  54.0051 215.5858 0067535 203.9136 147.7843  2.00565614 39125

GPS BIII-5  (PRN 11)
1 48859U 21054A   26050.60184818 -.00000070  00000+0  00000+0 0  9991
2 48859  55.2273 337.1897 0024029 232.3894 309.8388  2.00576125 34392

GPS BIII-6  (PRN 28)
1 55268U 23009A   26050.28378129  .00000032  00000+0  00000+0 0  9996
2 55268  55.1088 153.1537 0004338 335.5979  17.3349  2.00550118 22877

GPS BIII-7  (PRN 01)
1 62339U 24242A   26050.43515791 -.00000071  00000+0  00000+0 0  9992
2 62339  54.8976 338.9584 0015295 354.2872 189.0355  2.00569238  8898

GPS BIII-8  (PRN 21)
1 64202U 25116A   26047.18431050 -.00000036  00000+0  00000+0 0  9998
2 64202  55.1552  36.0004 0007975 323.0614 219.5083  2.00554245  5447

GPS BIII-9  (PRN 20)
1 67588U 26017A   26048.53936881  .00000028  00000+0  00000+0 0  9991
2 67588  55.0081  93.5564 0000946  45.2724 314.8210  2.00561228429213

CYGFM05
1 41884U 16078A   26050.17090993  .00020913  00000+0  34639-3 0  9990
2 41884  34.9592 318.9946 0005383 107.4643 252.6669 15.51194434510383

CYGFM04
1 41885U 16078B   26050.06581582  .00022917  00000+0  34128-3 0  9997
2 41885  34.9328 292.3871 0004644 144.8030 215.3000 15.54122323510563

CYGFM01
1 41887U 16078D   26050.13885207  .00021143  00000+0  34511-3 0  9994
2 41887  34.9420 321.0937 0005242  94.8235 265.3086 15.51601306510320

FENGYUN 3G
1 56232U 23055A   26050.50002811  .00027695  00000+0  43495-3 0  9999
2 56232  49.9920 232.8934 0010444 292.5114  67.4748 15.53332589161717

TIANMU-1 03
1 55973U 23039A   26050.60109031  .00015953  00000+0  35795-3 0  9993
2 55973  97.5153 220.3207 0003590 154.0464 206.0964 15.43473124162671

TIANMU-1 04
1 55974U 23039B   26050.62926223  .00016477  00000+0  36473-3 0  9992
2 55974  97.5086 219.5154 0004303 151.4180 208.7305 15.43867158162680

TIANMU-1 07
1 57399U 23101A   26050.58957134  .00006627  00000+0  23668-3 0  9993
2 57399  97.2760 103.9365 0004087 175.2839 184.8441 15.29165607143670

TIANMU-1 08
1 57400U 23101B   26050.62492157  .00006867  00000+0  24515-3 0  9998
2 57400  97.2749 103.7519 0005708 176.9306 183.1970 15.29157917143671

SDO
1 36395U 10005A   26049.08485580 -.00000059  00000+0  00000+0 0  9994
2 36395  34.3980  88.1509 0000568 148.4244 199.9931  1.00275964 58864

IXPE
1 49954U 21121A   26050.58336806  .00011793  00000+0  66804-3 0  9997
2 49954   0.2295 125.6627 0007625 104.0575  85.2960 15.08949203  5637

TIMED
1 26998U 01055B   26050.57797801  .00001242  00000+0  11731-3 0  9996
2 26998  74.0672 111.7738 0002656 296.5658  63.5254 14.94964153313244

HINODE (SOLAR-B)
1 29479U 06041A   26050.51458307  .00000656  00000+0  12169-3 0  9996
2 29479  98.0632  68.3697 0016321 303.9706  55.9948 14.68441518 37609

ASTROSAT
1 40930U 15052A   26050.08443686  .00001876  00000+0  14767-3 0  9990
2 40930   5.9971 285.3260 0007657 152.1271 207.9268 14.82240288562274

ZHANGHENG 1-01 (CSES-1)
1 43194U 18015C   26050.62707341  .00008390  00000+0  38463-3 0  9995
2 43194  97.6722 214.0265 0015026 311.7933  48.2017 15.20619935446778
